well_id  227  228  241  243  1534
Oct1999  0  0  0  0  25385.0309726981
Nov1999  0  0  0  61.6740305459139  19649.3461319282
Dec1999  0  0  0  0  18773.5748981762
Jan2000  0  0  0  0  25212.3436871696
Feb2000  0  0  0  49.3392244367311  20895.1615489556
Mar2000  0  0  0  0  10336.5675194952
Apr2000  0  0  0  86.3436427642794  19945.3814785485
May2000  0  0  0  0  24200.8895862166
Jun2000  0  0  0  1332.15905979174  56419.403143402
Jul2000  0  0  12704.8502924583  0  56789.4473266775
Aug2000  0  0  30898.6893035028  0  35154.1974111709
Sep2000  0  0  24089.876331234  0  22733.0476592238
Oct2000  0  0  6278.41630957403  0  15356.8336059325
Nov2000  0  0  0  0  14814.1021371285
Dec2000  0  0  0  0  18156.834592717
Jan2001  0  0  0  0  19945.3814785485
Feb2001  0  0  0  0  19427.3196219629
Mar2001  0  0  0  0  23966.5282701421
Apr2001  0  0  0  0  29159.4816421081
May2001  0  0  6488.10801343014  222.02650996529  55148.9181141562
Jun2001  0  0  25804.4143804104  0  42012.3496078765
Jul2001  0  0  29467.8517948376  579.73588713159  61192.9731076557
Aug2001  0  0  27469.61320515  567.401081022407  57134.8218977346
Sep2001  0  0  20019.3903152036  0  31231.7290684508
Oct2001  0  0  0  0  29418.5125704009
Nov2001  0  0  0  0  25249.3481054971
Dec2001  0  0  0  0  25039.656401641
Jan2002  3170.04517005997  7561.23614492904  0  0  25656.3967071002
Feb2002  3762.11586330074  9263.43938799626  0  0  23522.4752502115
Mar2002  4132.16004657623  7326.87482885457  0  0  23732.1669540676
Apr2002  7018.504676125  11138.329916592  0  0  32514.5489038058
May2002  12371.8105275103  17688.1119605681  0  0  52151.5602296248
Jun2002  15640.5341464438  25372.696166589  3453.74571057118  296.035346620386  64363.0182777157
Jul2002  18489.874357665  33427.3245558853  26026.4408903756  0  59712.7963745538
Aug2002  16664.3230535059  29850.2307842223  25903.0928292838  172.687285528559  51633.4983730391
Sep2002  14567.4060149449  24348.9072595268  28703.0938160683  0  45503.0997367752
Oct2002  13963.0005155949  8276.65489926164  7043.17428834336  0  30861.6848851753
Nov2002  3009.6926906406  5279.29701473023  0  0  20648.465426772
Dec2002  1640.52921252131  5883.70251408018  0  0  30837.0152729569
Jan2003  2133.92145688862  1381.49828422847  0  0  25644.061900991
Feb2003  2429.95680350901  6093.39421793629  0  0  18428.2003271191
Mar2003  3515.41974111709  6759.47374783216  0  0  20475.7781412434
Apr2003  7598.24056325659  11582.3829365226  0  0  26729.5248385991
May2003  12618.506649694  19920.7118663302  8140.97203206063  0  42000.0148017673
Jun2003  18477.5395515558  26149.7889514675  20796.4831000821  160.352479419376  36733.0525931463
Jul2003  19748.0245808016  30800.0108546294  26951.5513485644  715.418754332601  53002.6618511584
Aug2003  16837.0103390345  32884.5930870813  26667.8508080532  0  48586.8012640709
Sep2003  12433.4845580562  29171.8164482172  24755.9558611298  0  33723.3599025057
Oct2003  4563.87826039763  10731.281314989  0  0  14900.4457798928
Nov2003  1776.21207972232  14666.0844638183  0  0  20969.1703856107
Dec2003  1480.17673310193  6833.48258448725  0  0  26063.4453087032
Jan2004  4650.2219031619  6969.16545168827  0  0  23325.1183524646
Feb2004  2170.92587521617  8560.35543977284  0  86.3436427642794  19057.2754386874
Mar2004  3848.45950606502  9312.77861243299  0  0  21326.879762777
Apr2004  6179.73786070057  8535.68582755448  0  0  21302.2101505586
May2004  6192.07266680975  13555.9519139919  0  0  28394.7236633387
Jun2004  15455.512054806  30220.2749674978  13370.9298223541  555.066274913225  51473.1458936197
Jul2004  20118.0687640771  35141.8626050617  25755.0751559736  37.0044183275483  56185.0418273275
Aug2004  17342.737389511  32045.8262716568  27247.5866951847  123.348061091828  49314.5548245127
Sep2004  15097.8026776397  29455.5169887285  24385.9116778543  0  27321.5955318398
Oct2004  4292.5125259956  9238.7697757779  4021.14679159358  0  18354.191490464
Nov2004  1788.5468858315  7499.56211438312  0  0  18859.9185409405
Dec2004  1517.18115142948  6981.50025779745  0  0  20401.7693045883
Jan2005  0  0  0  0  0
Feb2005  0  0  0  0  0
Mar2005  0  0  0  0  0
Apr2005  0  0  0  283.700540511204  0
May2005  0  0  4292.5125259956  5538.32794302306  0
Jun2005  0  0  27346.2651440582  10928.6382127359  0
Jul2005  0  0  25742.7403498644  15381.5032181509  0
Aug2005  0  0  28974.4595504703  5550.66274913225  0
Sep2005  0  0  0  653.744723786687  22979.7437814075
Oct2005  0  0  0  0  25385.0309726981
Nov2005  0  0  0  61.6740305459139  19649.3461319282
Dec2005  0  0  0  0  18773.5748981762
Jan2006  0  0  0  0  25212.3436871696
Feb2006  0  0  0  49.3392244367311  20895.1615489556
Mar2006  0  0  0  0  10336.5675194952
Apr2006  0  0  0  86.3436427642794  19945.3814785485
May2006  0  0  0  0  24200.8895862166
Jun2006  0  0  0  1332.15905979174  56419.403143402
Jul2006  0  0  12704.8502924583  0  56789.4473266775
Aug2006  0  0  30898.6893035028  0  35154.1974111709
Sep2006  0  0  24089.876331234  0  22733.0476592238
Oct2006  0  0  6278.41630957403  0  15356.8336059325
Nov2006  0  0  0  0  14814.1021371285
Dec2006  0  0  0  0  18156.834592717
Jan2007  0  0  0  0  19945.3814785485
Feb2007  0  0  0  0  19427.3196219629
Mar2007  0  0  0  0  23966.5282701421
Apr2007  0  0  0  0  29159.4816421081
May2007  0  0  6488.10801343014  222.02650996529  55148.9181141562
Jun2007  0  0  25804.4143804104  0  42012.3496078765
Jul2007  0  0  29467.8517948376  579.73588713159  61192.9731076557
Aug2007  0  0  27469.61320515  567.401081022407  57134.8218977346
Sep2007  0  0  20019.3903152036  0  31231.7290684508
Oct2007  0  0  0  0  29418.5125704009
Nov2007  0  0  0  0  25249.3481054971
Dec2007  0  0  0  0  25039.656401641
Jan2008  3170.04517005997  7561.23614492904  0  0  25656.3967071002
Feb2008  3762.11586330074  9263.43938799626  0  0  23522.4752502115
Mar2008  4132.16004657623  7326.87482885457  0  0  23732.1669540676
Apr2008  7018.504676125  11138.329916592  0  0  32514.5489038058
May2008  12371.8105275103  17688.1119605681  0  0  52151.5602296248
Jun2008  15640.5341464438  25372.696166589  3453.74571057118  296.035346620386  64363.0182777157
Jul2008  18489.874357665  33427.3245558853  26026.4408903756  0  59712.7963745538
Aug2008  16664.3230535059  29850.2307842223  25903.0928292838  172.687285528559  51633.4983730391
Sep2008  14567.4060149449  24348.9072595268  28703.0938160683  0  45503.0997367752
Oct2008  13963.0005155949  8276.65489926164  7043.17428834336  0  30861.6848851753
Nov2008  3009.6926906406  5279.29701473023  0  0  20648.465426772
Dec2008  1640.52921252131  5883.70251408018  0  0  30837.0152729569
Jan2009  2133.92145688862  1381.49828422847  0  0  25644.061900991
Feb2009  2429.95680350901  6093.39421793629  0  0  18428.2003271191
Mar2009  3515.41974111709  6759.47374783216  0  0  20475.7781412434
Apr2009  7598.24056325659  11582.3829365226  0  0  26729.5248385991
May2009  12618.506649694  19920.7118663302  8140.97203206063  0  42000.0148017673
Jun2009  18477.5395515558  26149.7889514675  20796.4831000821  160.352479419376  36733.0525931463
Jul2009  19748.0245808016  30800.0108546294  26951.5513485644  715.418754332601  53002.6618511584
Aug2009  16837.0103390345  32884.5930870813  26667.8508080532  0  48586.8012640709
Sep2009  12433.4845580562  29171.8164482172  24755.9558611298  0  33723.3599025057
Oct2009  4563.87826039763  10731.281314989  0  0  14900.4457798928
Nov2009  1776.21207972232  14666.0844638183  0  0  20969.1703856107
Dec2009  1480.17673310193  6833.48258448725  0  0  26063.4453087032
Jan2010  4650.2219031619  6969.16545168827  0  0  23325.1183524646
Feb2010  2170.92587521617  8560.35543977284  0  86.3436427642794  19057.2754386874
Mar2010  3848.45950606502  9312.77861243299  0  0  21326.879762777
Apr2010  6179.73786070057  8535.68582755448  0  0  21302.2101505586
May2010  6192.07266680975  13555.9519139919  0  0  28394.7236633387
Jun2010  15455.512054806  30220.2749674978  13370.9298223541  555.066274913225  51473.1458936197
Jul2010  20118.0687640771  35141.8626050617  25755.0751559736  37.0044183275483  56185.0418273275
Aug2010  17342.737389511  32045.8262716568  27247.5866951847  123.348061091828  49314.5548245127
Sep2010  15097.8026776397  29455.5169887285  24385.9116778543  0  27321.5955318398
Oct2010  4292.5125259956  9238.7697757779  4021.14679159358  0  18354.191490464
Nov2010  1788.5468858315  7499.56211438312  0  0  18859.9185409405
Dec2010  1517.18115142948  6981.50025779745  0  0  20401.7693045883
Jan2011  2257.26951798045  6648.46049284951  0  0  20537.4521717893
Feb2011  3046.69710896814  5451.98430025878  0  0  16763.0015023794
Mar2011  2553.30486460083  6500.44281953932  0  0  18317.1870721364
Apr2011  3157.71036395079  5513.6583308047  0  0  18218.508623263
May2011  5822.02848353427  14394.7187294163  0  0  33057.2803726098
Jun2011  10472.2503866962  21277.5405383403  0  0  46070.5008177976
Jul2011  16257.2744519029  31897.8085983466  0  863.436427642794  67792.0943760685
Aug2011  17749.785991114  33143.6240153741  0  1073.1281314989  79189.4552209534
Sep2011  13864.3220667214  24299.5680350901  0  172.687285528559  51090.766904235
Oct2011  2022.90820190597  13210.5773429347  0  0  24385.9116778543
Nov2011  3700.44183275483  5723.3500346608  0  0  18428.2003271191
Dec2011  3749.78105719156  5402.64507582205  0  0  20093.3991518587
Jan2012  2121.58665077944  5822.02848353427  0  0  24385.9116778543
Feb2012  3453.74571057118  5118.94453531085  0  0  18711.9008676303
Mar2012  3293.3932311518  5266.96220862104  0  0  18366.5262965731
Apr2012  5920.70693240773  9867.84488734621  0  0  22424.6775064943
May2012  12273.1320786369  24126.8807495615  0  0  49918.9603238627
Jun2012  13555.9519139919  28382.3888572296  0  937.445264297891  58417.6417330896
Jul2012  17737.4511850048  30639.65837521  0  6253.74669735566  74785.9294399751
Aug2012  15911.8998808458  29159.4816421081  0  2220.2650996529  65251.1243175768
Sep2012  13087.2292818429  26236.1325942317  0  357.7093771663  54976.2308286276
Oct2012  8165.64164427899  15085.4678715305  0  0  35252.8758600444
Nov2012  3885.46392439257  5279.29701473023  0  0  19118.9494692333
Dec2012  1554.18556975703  6031.72018739037  0  0  40717.1949664123
Jan2013  3194.71478227834  5982.38096295364  0  0  29615.8694681478
Feb2013  1973.56897746924  6907.49142114235  0  0  18169.1693988262
Mar2013  2121.58665077944  5637.00639189653  0  0  17342.737389511
Apr2013  5562.99755524143  13235.2469551531  0  0  32403.5356488231
May2013  7980.61955264125  18551.5483882109  0  0  51053.7624859075
Jun2013  15159.4767081856  28394.7236633387  0  0  65485.4856336513
Jul2013  19735.6897746924  35869.6161655035  0  0  83802.6727057877
Aug2013  10990.3122432818  25927.7624415022  0  0  66657.2922140237
Sep2013  10237.8890706217  21067.8488344842  0  0  54125.129207094
Oct2013  8486.34660311774  12963.8812207511  0  0  27888.9966128622
Nov2013  3046.69710896814  6031.72018739037  0  0  18107.4953682803
Dec2013  2232.59990576208  7314.54002274538  0  0  23473.1360257748
Jan2014  3379.73687391608  6327.75553401076  0  0  20327.7604679332
Feb2014  2849.34021122122  4255.50810766806  0  0  18514.5439698833
Mar2014  2380.61757907227  6870.4870028148  0  0  18773.5748981762
Apr2014  5612.33677967816  14320.7098927612  0  0  26902.2121241276
May2014  10509.2548050237  20858.1571306281  0  0  56715.4384900224
Jun2014  14518.0667905081  28604.4153671948  0  0  70024.6942818306
Jul2014  18724.2356737394  35240.5410539352  0  9004.40845970342  60008.8317211742
Aug2014  13222.9121490439  22893.4001386432  0  197.356897746924  43011.4689027203
Sep2014  13531.2823017735  23904.8542395962  0  197.356897746924  44701.3373396784
Oct2014  7561.23614492904  9041.41287803097  0  0  27148.9082463113
Nov2014  7561.23614492904  7561.23614492904  0  0  18021.151725516
Dec2014  2466.96122183655  7746.25823656678  0  0  18785.9097042854
Jan2015  3392.07168002526  7265.20079830865  0  0  18921.5925714864
Feb2015  1837.88611026823  7647.57978769332  0  0  22424.6775064943
Mar2015  0  14296.0402805428  0  24.6696122183655  19686.3505502557
Apr2015  3577.093771663  19155.9538875608  0  24.6696122183655  24768.290667239
May2015  6574.45165619442  10139.2106217482  0  0  27814.9877762071
Jun2015  11755.0702220512  24620.2729939288  0  0  45848.4743078324
Jul2015  11002.647049391  19513.6632647271  0  0  42764.7727805367
Aug2015  10805.2901516441  20451.108529025  0  1344.49386590092  49215.8763756393
Sep2015  11520.7089059767  21018.5096100474  0  234.361316074473  42838.7816171918
Oct2015  7499.56211438312  10533.9244172421  0  0  30923.3589157212
Nov2015  3503.08493500791  6451.10359510259  0  0  23818.5105968319
Dec2015  3305.72803726098  5069.60531087412  0  0  26618.5115836164
Jan2016  3318.06284337016  5069.60531087412  0  0  26963.8861546735
Feb2016  1369.16347811929  5562.99755524143  0  0  24003.5326884697
Mar2016  5982.38096295364  0  0  0  25619.3922887726
Apr2016  3342.73245558853  7339.20963496375  0  0  27420.2739807133
May2016  5464.31910636797  10373.5719378227  0  0  32785.9146382078
Jun2016  17244.0589406375  25804.4143804104  0  0  61575.3520970404
Jul2016  19772.69419302  34796.4880340046  0  0  71924.2544226447
Aug2016  15961.2391052825  35141.8626050617  0  1948.89936525088  68544.5175487286
Sep2016  0  0  0  481.057438258128  53631.7369627267
Oct2016  0  0  0  0  32551.5533221333
Nov2016  0  0  0  0  27272.2563074031
Dec2016  0  0  0  0  30010.5832636417
Jan2017  0  0  0  0  31022.0373645947
Feb2017  0  0  0  0  28629.0849794132
Mar2017  0  0  0  0  26544.5027469613
Apr2017  0  0  0  0  25422.0353910257
May2017  0  0  0  0  39311.0270699655
Jun2017  0  0  0  0  58565.6594063998
Jul2017  0  0  0  0  65855.5298169268
Aug2017  0  0  0  0  57850.2406520672
Sep2017  0  0  0  0  38287.2381629033
Oct2017  0  0  0  0  29899.570008659
Nov2017  0  0  0  0  24509.2597389462
Dec2017  0  0  0  0  26310.1414308868
Jan2018  0  0  0  0  24484.5901267278
Feb2018  0  0  0  0  23029.0830058442
Mar2018  0  0  0  0  25187.6740749512
Apr2018  0  0  0  0  26482.8287164154
May2018  0  0  0  0  49894.2907116443
Jun2018  0  0  0  0  55580.6363279776
Jul2018  0  0  0  0  73527.7792168385
Aug2018  0  0  0  0  38225.5641323574
Sep2018  0  0  0  0  49647.5945894606
Oct2018  0  0  0  0  30392.9622530263
Nov2018  0  0  0  0  27136.5734402021
Dec2018  0  0  0  0  28283.7104083561
Jan2019  0  0  0  0  31330.4075173242
Feb2019  0  0  0  0  29208.8208665448
Mar2019  0  0  0  0  33871.3775758159
Apr2019  0  0  0  0  31885.4737922375
May2019  0  0  0  0  38842.3044378165
Jun2019  0  0  0  0  55259.9313691388
Jul2019  0  0  0  0  75834.3879592557
Aug2019  0  0  0  0  72442.3162792304
Sep2019  0  0  0  0  45836.1395017232
Oct2019  0  0  0  0  32045.8262716568
Nov2019  0  0  0  0  30935.6937218304
Dec2019  0  0  0  0  33316.3113009027
Jan2020  0  0  0  0  30059.9224880784
Feb2020  0  0  0  0  28283.7104083561
Mar2020  0  0  0  0  31515.429608962
Apr2020  0  0  0  0  35339.2195028086
May2020  0  0  0  0  51325.1282203095
Jun2020  0  0  0  0  64511.0359510259
Jul2020  0  0  0  0  81989.4562077379
Aug2020  0  0  0  0  77746.282906179
Sep2020  0  0  0  0  61303.9863626384
