Stress_Period  nDays
1  31
2  30
3  31
4  31
5  29
6  31
7  30
8  31
9  30
10  31
11  31
12  30
13  31
14  30
15  31
16  31
17  28
18  31
19  30
20  31
21  30
22  31
23  31
24  30
25  31
26  30
27  31
28  31
29  28
30  31
31  30
32  31
33  30
34  31
35  31
36  30
37  31
38  30
39  31
40  31
41  28
42  31
43  30
44  31
45  30
46  31
47  31
48  30
49  31
50  30
51  31
52  31
53  29
54  31
55  30
56  31
57  30
58  31
59  31
60  30
61  31
62  30
63  31
64  31
65  28
66  31
67  30
68  31
69  30
70  31
71  31
72  30
73  31
74  30
75  31
76  31
77  28
78  31
79  30
80  31
81  30
82  31
83  31
84  30
85  31
86  30
87  31
88  31
89  28
90  31
91  30
92  31
93  30
94  31
95  31
96  30
97  31
98  30
99  31
100  31
101  29
102  31
103  30
104  31
105  30
106  31
107  31
108  30
109  31
110  30
111  31
112  31
113  28
114  31
115  30
116  31
117  30
118  31
119  31
120  30
121  31
122  30
123  31
124  31
125  28
126  31
127  30
128  31
129  30
130  31
131  31
132  30
133  31
134  30
135  31
136  31
137  28
138  31
139  30
140  31
141  30
142  31
143  31
144  30
145  31
146  30
147  31
148  31
149  29
150  31
151  30
152  31
153  30
154  31
155  31
156  30
157  31
158  30
159  31
160  31
161  28
162  31
163  30
164  31
165  30
166  31
167  31
168  30
169  31
170  30
171  31
172  31
173  28
174  31
175  30
176  31
177  30
178  31
179  31
180  30
181  31
182  30
183  31
184  31
185  28
186  31
187  30
188  31
189  30
190  31
191  31
192  30
193  31
194  30
195  31
196  31
197  29
198  31
199  30
200  31
201  30
202  31
203  31
204  30
205  31
206  30
207  31
208  31
209  28
210  31
211  30
212  31
213  30
214  31
215  31
216  30
217  31
218  30
219  31
220  31
221  28
222  31
223  30
224  31
225  30
226  31
227  31
228  30
229  31
230  30
231  31
232  31
233  28
234  31
235  30
236  31
237  30
238  31
239  31
240  30
241  31
242  30
243  31
244  31
245  29
246  31
247  30
248  31
249  30
250  31
251  31
252  30
