modelMonth	Cold Stream	Hamlin Creek	Turner Creek	Fletcher Creek	Carman Creek	Big Grizzly Creek	Mapes Creek	Little Last Chance Creek	Correco Canyon	Bear Valley Creek-Smithneck Creek	Lemon Creek
Oct-1999	1186499.29888687	105430.121915236	31953.9909216275	19872.9737361495	30777.465655945	72480.8594646201	17358.0163274784	427699.181567993	0	290816.062885994	64926.3018969438
Nov-1999	411394.798698559	48158.7317689234	29637.5509122264	5794.83104769402	30878.2767063008	14981.701315137	15626.0381993901	46473.8489775679	0	242977.418740638	61003.5275281965
Dec-1999	287244.361990899	35993.2857875049	19454.6488572747	4508.37390661679	24372.7528309741	5564.6319170509	10152.4520044061	71982.0517998421	0	193947.171098721	49693.2983488462
Jan-2000	1180309.57379222	107039.377483031	525288.791806245	138136.539310825	247661.241307444	0	129884.954831841	0	0	640586.667784237	239476.555927135
Feb-2000	4227767.12229185	380337.4499571	879821.027640048	407642.878325457	1909050.16791308	0	440345.488853084	0	0	2809940.97420054	1422393.44037469
Mar-2000	834063.720048592	115354.572866257	148636.089107369	48053.5878373595	199498.343024293	0	53091.5616669545	0	0	591802.706884102	198845.328160794
Apr-2000	4983421.70649263	276507.147176671	247213.887837076	100970.023791792	220757.175725689	0	86283.1516620557	234815.236939291	0	2546234.12206248	699389.784038941
May-2000	10065676.6702032	405560.665898337	255830.576887245	80772.0570527287	90889.0361917275	29351.9046174113	48823.2332937842	3365685.0627965	0	4103991.01862964	1217845.15733108
Jun-2000	11737892.8765413	730755.315378582	379556.741096484	137730.767799245	48915.4177268956	78271.7456464302	22787.3268865373	4155740.49541515	0	2709949.42557065	673388.085618737
Jul-2000	3928872.35920777	343498.261471852	96415.7056863006	72626.5413099927	37025.1696432364	229923.252836389	13961.0619260535	3808409.62410912	0	646719.458673017	100954.940667767
Aug-2000	1560221.17893639	130261.29162077	30733.8432550751	10734.7193095227	29089.3447997576	342438.887203132	10359.8822699896	3798625.65590331	0	427049.718695048	72697.0662302101
Sep-2000	459366.824788943	35990.3694722028	11947.1651635155	3302.19617326496	23085.3806715051	44761.6545415523	7962.51451095436	1041992.6139181	0	186818.827966824	54846.1290057681
Oct-2000	332080.236275545	28163.3730995874	18287.0682633578	2514.13536006252	25215.8664352239	0	7668.97710018774	247045.197196545	0	169383.754368577	47672.4215128544
Nov-2000	176084.111103875	18015.7848827825	14658.2619022673	2232.25587078469	23429.6771372828	0	8415.5856229842	0	0	131533.406949514	38551.5157370727
Dec-2000	126250.127454006	13966.0284697307	9870.65080547194	2177.67282179942	20082.2536111025	0	6822.83219169354	0	0	112173.06370435	32681.2813021206
Jan-2001	85178.3085457331	9581.64689491911	9204.32413697412	1754.53064021498	15970.5083718678	0	4011.50424044378	0	0	91567.1675761085	26212.9893783608
Feb-2001	60256.8358219099	6030.37488637876	22424.5930448227	1756.46587964785	17964.9622168672	0	3901.30568856595	0	0	71239.5740470682	20324.6698740185
Mar-2001	346380.312515751	28961.4844356599	103914.43798758	15082.4487706253	53548.4347537994	0	49322.9703437945	0	0	240851.652416699	49037.7219231651
Apr-2001	3467926.88346769	54283.9578532452	101567.070845852	10448.6708594438	41727.0699397135	0	36757.3726295282	36689.8807717641	0	377760.863368512	74785.4464684678
May-2001	5506023.43407617	76348.5670046751	55646.2269593116	5862.45188547545	25201.3240038851	269059.125659604	12228.9883816088	4852848.23007867	0	418578.084525707	75690.9966218034
Jun-2001	1681086.82228908	39173.0872412905	21656.7971977675	2739.00479970097	14920.3926523516	66041.7853891755	5008.64186302022	3911141.29027006	0	198968.080079967	51846.6938243847
Jul-2001	549965.320494266	28896.1266781255	9757.02460448482	1571.51228242063	10509.8523164575	425602.616952464	3079.82957805107	2044849.35501299	0	149633.786995217	39435.761130634
Aug-2001	608905.557855511	37109.9678717361	4831.49038785548	955.736710208497	7266.45219129711	105177.658212391	1871.12208796903	2277218.59990083	0	165508.093660714	25365.1710137705
Sep-2001	408338.874587636	18857.6360552405	6054.84795849887	717.995848754201	6219.0448283576	209621.518809346	1573.66771344511	244599.205145094	0	126709.371270321	16973.7159426528
Oct-2001	132576.334636851	6781.65636406369	7859.25199421204	746.840947254259	6615.50957533265	0	2375.47582168332	146759.523087057	0	77068.0552631057	14647.6951524436
Nov-2001	386504.355863139	29648.2155249797	73935.1888703571	4308.37877710982	26557.2736112724	0	40520.5888312799	0	0	154928.144574356	26994.4713561208
Dec-2001	439577.910751047	39511.9205090231	176268.078732086	29606.9467275667	102664.591368467	0	46985.3748155867	0	0	176405.177356738	69193.3971972011
Jan-2002	584175.223666065	60845.1583957955	144652.086796716	32527.1985660362	124563.80482915	0	59418.1945535429	0	0	269232.667778574	110127.657525053
Feb-2002	368009.279942913	43452.1756435705	70042.2749280045	22459.9704938737	110611.401325794	0	30102.4976907633	0	0	173215.528445661	97183.1810322613
Mar-2002	829410.208077656	75048.1179112381	180293.56758517	61116.6399488032	283420.661605507	0	94006.6555400442	0	0	365153.331388912	305216.637015181
Apr-2002	2542593.36844375	121567.645609335	158994.185378893	69562.1349296469	142353.10064081	0	62469.6438820095	14675.9523087057	0	663924.573959286	316456.360846899
May-2002	6456055.97347931	137282.252206588	153195.063041736	42319.4024471396	73234.2382973662	75825.7535949793	34722.4500165653	3681218.03743367	0	1188500.24838382	395924.834745871
Jun-2002	8841183.20675413	363809.137565943	197527.026422425	32771.1904221188	42614.8702041926	68487.7774406264	18561.4832576802	3470862.72100889	0	1580560.22648925	437326.13367238
Jul-2002	4912593.29670196	463019.524719168	162006.083404361	88045.5406955177	33041.5538911558	291073.054122662	10857.4320835233	2098661.18014491	0	891019.749350837	106211.701755926
Aug-2002	1061346.55613868	93399.2423551666	27145.6304371834	4839.26070446585	26513.5631337658	244599.205145094	7197.38298215757	2113337.13245362	0	319307.049268435	71346.4501524861
Sep-2002	425061.645513058	36976.5733589695	10495.6108136272	2890.78041722002	21261.3600115533	117407.618469645	4670.89976695257	613944.004914187	0	171352.832355931	54145.6432816929
Oct-2002	219766.303777181	24870.8286577544	5447.28797922678	1940.62923371854	17866.2576660711	4891.98410290189	3024.27034634302	156543.49129286	0	121184.514686519	44991.3980523691
Nov-2002	762031.842830323	63133.6830045279	261242.795685649	20494.2394187123	74211.5978218702	0	84245.2638023259	39135.8728232151	0	363169.750115391	88275.667821049
Dec-2002	1414514.77237524	113476.730041597	400690.597943633	119015.544325734	246816.234055507	0	96834.4562689192	0	0	611239.476184139	219575.740187514
Jan-2003	1106550.17854888	100769.040246696	164044.291765186	83108.6470393349	285218.724123382	0	63855.7744168859	0	0	509732.490730489	320200.799599034
Feb-2003	1120457.04153794	106968.952872317	127969.586466825	57752.9931954682	219365.315316285	0	62201.0835374504	0	0	623625.541907478	368701.995350378
Mar-2003	3169820.99832648	256955.215227653	272658.711935823	129817.622689701	364003.936173888	0	114260.213316268	0	0	2172230.98723195	973079.396308053
Apr-2003	4539908.35426607	425889.059456827	522884.933288404	221631.600574265	768380.414139154	0	130576.434719819	0	0	2934567.06389124	1245091.39575304
May-2003	6565914.61585828	290083.062203558	243998.564586419	73157.3058018332	120199.881499772	48919.8410290189	37776.3581511382	1389323.48522414	0	2655686.6795074	906738.749993629
Jun-2003	11266872.8536477	557244.211526645	302927.840836819	110000.029585413	55110.253713043	225031.268733487	18646.1126726264	3074612.00867384	0	3100191.97897759	805437.416146817
Jul-2003	7675227.38714519	736968.461518858	162975.217549632	127894.956196711	40999.9850713725	374236.783871994	12206.7686034428	1492055.15138508	0	2024800.1094615	125048.116234882
Aug-2003	2634323.2359879	294721.111831617	61162.17801652	39383.8350601874	38420.3402662347	244599.205145094	13232.6730341756	1220550.03367402	0	964328.556753986	91330.3172673136
Sep-2003	578795.460578551	45127.7896173548	17226.6353444883	4098.13005915384	28423.1135476161	7337.97615435283	9344.1922825339	753365.55184689	0	248350.44588231	69108.2099635562
Oct-2003	274529.371621449	31686.0691326841	9314.69639555199	2826.3254452112	23275.0757276715	2445.99205145094	5884.13586410192	205463.332321879	0	156583.151061739	53765.4555864838
Nov-2003	196760.030604819	22433.8435382433	15457.1316760443	2261.91323160044	22516.8875737299	22013.9284630585	6270.32745004205	0	0	142161.710109388	41876.2986744897
Dec-2003	388614.270839056	31767.026241197	134584.450146823	12948.9830807001	72467.8834819494	0	50706.8206724112	0	0	258800.976137416	63337.0470653864
Jan-2004	263674.757990299	31819.2336675662	63718.0592557773	17488.0198897343	64990.5635896666	22013.9284630585	24311.3193769167	0	0	176834.575426097	64877.2358706148
Feb-2004	1190978.03011211	64596.2689531555	437293.435221027	107842.198472591	526027.04038828	22013.9284630585	251901.913616709	0	0	810328.791307869	327899.216315019
Mar-2004	2503036.51970426	222843.119177	314159.823710806	158492.251306113	474508.317046442	7337.97615435283	118058.816753363	0	0	1875821.28969523	690881.80602412
Apr-2004	4313664.43073697	234715.5170623	200643.114215893	69795.684811141	117025.171364899	0	45413.7842428224	1242563.96213708	0	1680270.49014716	465378.571801544
May-2004	9153970.33584965	332129.316981314	225642.01853619	88332.3500298743	71963.9725779916	75825.7535949793	34112.7664117209	2176932.92579134	0	2571653.56541044	701760.041319904
Jun-2004	7058520.50105415	279103.617065981	61595.9383259662	46737.9430775286	43608.4847613034	198125.356167526	17634.4864433225	3551580.45870677	0	981330.112253537	163339.44135445
Jul-2004	2152431.58764781	160728.399674923	27839.3905314218	9062.30790010958	33765.7493565003	212801.308476232	12169.7788626266	1871183.91935997	0	476951.761119307	86207.5085106202
Aug-2004	661837.534407635	51091.7693991454	13502.133717687	3779.96299557974	27005.6913409996	198125.356167526	9185.4047861089	1580110.86523731	0	237306.885846404	65328.8757372992
Sep-2004	285634.093541783	28762.0079796798	6845.81774728371	2446.27965125005	21854.4558498302	220139.284630585	6870.92692844623	949044.915962966	0	142568.878614288	50269.6106946965
Oct-2004	287670.785027198	24889.3492171815	48529.333790178	3526.77447068784	38953.2063644884	34243.8887203132	37181.2610159509	256829.165402349	0	183567.153530966	49516.6606540619
Nov-2004	262826.553067136	24095.0471956437	54449.1651578521	7553.75573344811	40619.8047158832	7337.97615435283	16485.8447728566	0	0	169034.288293544	50184.9714934574
Dec-2004	265435.948202873	25932.2279730537	65825.2487491045	14236.9277383073	53914.8090964952	7337.97615435283	21972.9580712848	0	0	165758.258221081	50957.7094184575
Jan-2005	163814.127941056	17915.5218648325	23433.9415144402	6827.63481496374	28188.2498562921	7337.97615435283	9758.68093456832	0	0	117309.350633022	39959.7217022939
Feb-2005	88333.4730069914	8979.94156541044	26864.692878603	4498.927687337	23506.7882326623	7337.97615435283	7094.4776651083	0	0	81339.6082198065	28528.8422101844
Mar-2005	1928646.60792248	117735.918017143	702261.787006544	208629.103597086	1259080.46849612	7337.97615435283	416562.837254741	0	0	979567.00148097	821718.140219229
Apr-2005	2596446.46581735	287880.586022251	346519.150653977	215378.355098585	750598.25742821	7337.97615435283	126987.999263763	0	0	1780553.4207568	814975.861451464
May-2005	12827666.1114212	1178389.27313555	1334934.08884119	528956.958637621	923584.997023902	7337.97615435283	226078.083517629	1435797.3342017	0	7770974.10979564	2678088.57569228
Jun-2005	12500516.870095	760950.070899654	654221.983162819	217605.754521488	110612.957346374	264167.141556702	44667.6430155148	2318800.46477549	0	4443628.11044692	1273495.13978032
Jul-2005	11139986.8607859	958428.403174882	472377.442277578	184468.652159016	59443.6658275449	210355.316424781	22510.0714206832	2578075.62222929	0	2581980.80794683	344566.452474465
Aug-2005	2639343.5914053	267944.926186546	55399.6686479002	35527.7395985241	41440.8771418135	254383.173350898	14518.8072275851	2641671.41556702	0	598202.379768199	94843.8337576137
Sep-2005	582628.076348882	53494.8156546707	21561.3319099412	4665.94300956825	32178.7257997378	205463.332321879	10954.0619402119	743581.583641087	0	247632.640866268	70534.9071293258
Oct-2005	300080.589850685	34943.3609007014	11648.2673107799	3265.10122979949	27778.85986289	16388.1467447213	9144.07971751141	242153.213093643	0	167672.322562559	58140.5034843847
Nov-2005	206402.051587583	26144.2724757679	18141.1815476275	2461.26980549176	26505.4869955005	7337.97615435283	7772.28120867514	146759.523087057	0	142050.508462482	44570.6804248656
Dec-2005	26995245.0408697	2721542.19236748	4800985.97689914	1765338.55854927	3142299.85804212	5625.78171833717	1248621.54160166	0	0	16685466.2543587	5259679.96991621
Jan-2006	3762503.93333088	404562.527627305	750517.488705836	342517.980738899	1465464.08515434	0	416882.645968959	0	0	2636343.92223069	1146350.25400754
Feb-2006	7545284.791659	681881.000082119	823403.26646977	429490.158375974	1708957.01400267	0	467769.392530589	0	0	5601354.58994696	2177164.49238419
Mar-2006	3059099.28345986	282823.908140236	313459.819961659	191397.739026524	1155173.82773746	0	301090.410508938	0	0	2239756.07592306	1080931.20492033
Apr-2006	18851662.0494015	1761456.82055348	2039568.40599524	899471.402356526	2301864.94077537	0	598941.868762866	0	0	11807430.9433749	4572684.0879747
May-2006	9160678.65540311	750225.228406301	555614.987028065	202299.894468876	130164.307010961	0	53473.9684040923	0	0	4831826.30236134	1425704.07722563
Jun-2006	10858840.0667868	711763.646254959	337125.579183739	141111.484294076	66963.2673985621	288627.062071211	28810.1589876171	2189162.88604859	0	3015877.38907594	481333.241058256
Jul-2006	7289871.79802791	529000.698474007	72823.5075818285	62227.9518047725	46557.0458987334	369344.799769092	20020.6391106253	3282521.33304717	0	1609845.26289619	108786.702965054
Aug-2006	2035656.01870785	165279.228966974	26251.5718383563	5631.13083220302	35041.0525701762	364452.815666191	14168.279339765	5168381.20471584	0	707969.302301874	78524.9798412559
Sep-2006	697853.528589787	54134.687526724	11490.8719145285	3392.24964108431	27128.4457067453	31797.8966688623	10386.3370664341	2140243.04501958	0	285096.275579291	58267.5907313385
Oct-2006	226956.547658624	29427.2752819647	8708.74136832537	2530.37326665666	24650.1550912226	0	8950.82000413426	604160.036708383	0	153801.240707128	47013.6180570697
Nov-2006	239767.634531796	25960.3782447536	27736.9549564346	2535.66031142839	29013.853335863	14675.9523087057	12322.4523725248	146759.523087057	0	185987.093374714	42324.9781875536
Dec-2006	190917.07301492	21829.5962191382	35665.5477294158	3476.30411131908	32640.056543026	15165.1507189959	14427.5891909035	0	0	153546.131622242	39667.2632303262
Jan-2007	304377.283794001	29592.6562932716	60618.0209827635	9030.56361232008	40212.9885175295	30330.3014379917	29261.365810838	0	0	204576.832106743	51711.8240279544
Feb-2007	1245619.16563924	100514.479194217	396281.043576754	59292.8639461754	73641.4875391834	27395.1109762506	98703.5746134046	0	0	728676.12936256	92020.0845540242
Mar-2007	1431487.8903991	106826.447320804	162362.282448952	59087.5303938587	104974.2445837	30330.3014379917	59677.7074702603	0	0	800198.634925399	202931.78561902
Apr-2007	5442183.85851611	98157.3502252603	99600.7428068198	18261.1321404401	61821.5808827485	29351.9046174113	26117.7565149923	51365.8330804698	0	615765.73454114	172830.447603972
May-2007	5819149.71867376	104187.294514749	54687.7427473545	8121.77174944145	41151.1245798492	30330.3014379917	14246.0240976137	4104374.66233468	0	677652.895819588	140508.516532775
Jun-2007	3643390.52524001	78432.5483042472	24738.791993136	4570.6832338941	29477.6037400856	234815.236939291	7670.93435877977	3803517.64000622	0	448199.703352995	79253.0531251858
Jul-2007	824357.457936051	42819.6312583712	11538.4920160726	2994.55671434275	21600.0391451718	317978.966688623	4443.08709970635	3089287.96098254	0	308229.716735524	60440.3606203649
Aug-2007	402127.254740698	22804.9373207191	6555.55874465874	2014.50106612827	15906.0582930055	273951.109762506	2696.00382843405	2744403.08172796	0	182170.018309656	46505.7901893546
Sep-2007	239942.644809889	12025.6659124954	4462.1605846857	1431.05695928324	11710.8555474066	359560.831563289	1659.64519024655	853651.225956379	0	112735.418349866	32614.208496745
Oct-2007	167145.007738987	10805.6528074711	18420.734345754	1903.80585988271	18011.2489359955	0	6312.17608531291	286181.07001976	0	140822.433898631	31015.4878733219
Nov-2007	99588.2726230154	7729.60563164914	7093.99569018001	1449.60932416246	11551.7915882055	0	3898.84688245971	53811.8251319208	0	94510.6202686133	23710.7614902576
Dec-2007	76038.5568162833	6340.43155966212	20990.6173236641	1540.36251192846	16679.4494530606	0	4234.49715840712	46473.8489775679	0	79092.1101977364	20658.8815649007
Jan-2008	233179.029922384	21308.1360453296	150507.052168077	19526.0520972853	79664.1092349645	0	35097.8815733958	0	0	123500.67578657	42240.3977040722
Feb-2008	140051.22018876	15249.5717420791	88979.5567285012	15269.9835026207	67092.8158981954	0	22059.0236247228	0	0	90285.1852174873	43435.8129617411
Mar-2008	142737.655469252	16930.4042565844	58286.0109812628	18803.2658581271	82672.1832664585	0	28780.5750239985	0	0	87145.8843371174	55108.1839120819
Apr-2008	1471629.85346248	19995.7941593727	51298.9403279654	11087.5543159081	58547.2218198087	0	29685.6334161128	78271.7456464302	0	119712.976726406	53508.4724264966
May-2008	5408415.05576515	59822.6522552931	121633.869453797	15047.9104961956	61956.665977624	169507.24916555	115502.069427179	3253169.42842975	0	874457.224079491	153007.8977423
Jun-2008	7021799.69027899	261911.013555262	312076.975174644	52734.8023570921	40329.5970912963	227477.260784938	22630.0269066423	2600089.55069235	0	945734.042310992	176280.059601243
Jul-2008	3139265.44068993	248431.185245804	172300.578557938	61981.0729922667	30033.2033968857	225031.268733487	12098.7034634302	1631476.69831778	0	443885.428334376	84094.5402113001
Aug-2008	667106.837811396	49301.3255103399	28558.6463653946	4641.32558962698	23911.933421493	413372.656695209	6921.93308735456	2741957.08967651	0	199215.866571145	62722.2232101646
Sep-2008	415134.854004256	29392.6122322999	11112.5069163833	2685.73066739913	18092.4507018324	352222.855408936	3987.56452129	516104.322856149	0	128233.613311171	48577.9300744449
Oct-2008	243378.556442501	17500.2527559345	12023.7331196357	2189.9595126109	17718.2130727431	51365.8330804698	3411.59714226653	450062.537466974	0	119475.049925385	41458.0178339332
Nov-2008	350341.989845588	21945.0353308962	63562.9734246645	4411.02231082241	30397.686538467	14675.9523087057	26344.6615035665	31797.8966688623	0	195206.745293037	46487.6904405248
Dec-2008	159756.880120743	14057.7847525252	15172.6881780109	2395.03862131067	13926.5579036492	15165.1507189959	5557.24187378061	22013.9284630585	0	100716.003431999	30018.7661681962
Jan-2009	131533.326212597	11530.4550229791	35701.5270354838	3518.49037369707	21049.344867718	15165.1507189959	8578.0943573073	0	0	87874.7527573503	25495.1109651222
Feb-2009	271368.810019624	20771.071627396	91002.4299682568	11659.7613118616	47945.1850702399	13697.5554881253	68655.0042899982	0	0	183001.043395527	39818.3342347521
Mar-2009	1680939.63526803	131407.366835907	624277.223388561	131059.432315721	467270.805370002	15165.1507189959	177503.177407708	0	0	978578.686201497	368028.899013725
Apr-2009	2769075.46076404	91671.0343964411	90052.9491458231	31215.0034744738	101023.738307277	14675.9523087057	40380.1188287031	39135.8728232151	0	516126.644145356	210025.309120565
May-2009	13045911.6772627	737808.164600011	784866.256465438	302093.972832843	248571.276029529	15165.1507189959	107538.644790979	3248277.44432685	0	3616445.82780542	1156257.92146613
Jun-2009	7798086.17892183	396281.68213237	232574.244357166	91937.7793836561	58047.1813947167	271749.7169162	22046.4408985493	1555650.9447228	0	1351202.02956842	259119.776863459
Jul-2009	2143617.00369138	113758.881100505	33397.943768459	7367.92626300096	39418.3097237128	281044.486711713	13419.4052901483	1939671.6968006	0	388461.903150813	91261.7887508601
Aug-2009	661230.193087661	44867.0240551385	14370.6745576205	4045.22535941124	30321.2458041552	410682.065438613	8739.69541295834	1949455.6650064	0	198568.165664723	69097.1759182437
Sep-2009	353558.004838183	29694.0104828867	7380.2349729716	2724.11984810858	23948.360450464	293519.046174113	5306.63937680343	166327.459498664	0	135563.867239422	53420.2441023143
Oct-2009	446086.372960835	33950.7127400204	42178.1813465781	3368.06526460652	38232.9572217802	15165.1507189959	37715.5779321359	0	0	210930.467822182	53839.77024865
Nov-2009	188730.621888335	19765.9532829105	19664.1929621376	2800.43336061187	25627.8718154196	14675.9523087057	8565.01008361957	139421.546932704	0	136987.26397789	41484.1423429903
Dec-2009	124188.522513288	13615.9654308263	12403.6834972405	2378.1450330882	19175.4067739497	15165.1507189959	5569.32060586668	2445.99205145094	0	111905.616550615	33468.2166916327
Jan-2010	229560.115056903	17212.261726703	83598.4901471625	9661.40518254438	49165.1834958247	15165.1507189959	34407.7619801386	0	0	161705.783665159	43758.4034297332
Feb-2010	257001.844467035	19372.123495315	103811.403002149	16047.3601304839	75129.4762577623	13697.5554881253	52019.2017035399	0	0	165587.964490708	56820.1294984808
Mar-2010	594624.775291876	48225.7972345794	152774.612090716	37456.3512644876	228169.049783801	15165.1507189959	80902.7970335299	0	0	341938.179579608	176238.52657392
Apr-2010	2455945.57525336	204290.054577839	536119.25286637	191781.403302308	817867.950785367	14675.9523087057	153456.464712995	0	0	1273169.69416136	764063.369599628
May-2010	3635514.27401266	207670.22793341	206905.617524714	117677.816795839	368795.202451104	15165.1507189959	84398.690856782	1423567.37394445	0	1690153.4496626	699612.104149264
Jun-2010	9345787.45329763	375429.907840078	345615.139395209	100644.022800703	101589.887587888	145536.527061331	43661.3870144727	2333476.4170842	0	2953770.7481587	892307.065239121
Jul-2010	10805016.7686564	814023.341985066	518295.912988076	170540.244645997	54153.594644723	293519.046174113	19023.0733377319	1462703.24676766	0	2164003.81710732	463717.710664398
Aug-2010	2407102.5740841	249559.459194047	63734.9430577068	40500.1672844453	38392.8261035773	349776.863357485	11503.2442354034	2220960.78271746	0	566204.066725754	96468.0966056628
Sep-2010	521590.297252985	50382.730455023	21233.5106683619	4875.4137172339	29162.2869343361	229923.252836389	7693.54314209097	662863.845943206	0	233049.261231159	70134.7138047329
Oct-2010	4075189.00673091	454070.683992785	324272.340300215	181231.021053556	71303.5078989769	58948.4084399677	105357.456243434	132083.570778351	0	1025617.06602633	146082.407337454
Nov-2010	706624.685221735	68515.0309417891	81569.7769370828	15688.4992142082	58471.0037236618	0	18296.6637236052	22013.9284630585	0	437861.744825809	106284.991303905
Dec-2010	1944900.78912181	163273.552690523	377465.27572937	169074.749721787	546037.191039425	0	156378.475637624	0	0	1249116.98246906	522283.086057647
Jan-2011	810123.912818175	88625.2782439041	103993.604204481	43704.6424293566	211925.014523697	0	45494.4795679986	0	0	499698.56541327	204157.702305272
Feb-2011	689316.341670749	63343.1537121935	94607.3944731231	46208.8838472364	344303.409152562	0	73365.6951241268	0	0	376314.454162148	235163.558019748
Mar-2011	5462758.91691562	387405.235508159	1070893.37242565	609582.172364483	3211962.77221667	0	1078178.49931049	0	0	3297147.43940625	2084338.21056954
Apr-2011	1784227.36639416	169109.535100114	215838.531059304	138561.658323588	846115.559401609	0	135942.388818254	0	0	1288055.05188491	818135.948418081
May-2011	5502917.22116133	452726.566013586	307419.06181845	251616.117163674	1235099.00346315	0	244971.985128006	1506731.10369378	0	5829987.48310477	2358071.11250556
Jun-2011	17157666.1542662	1330091.82129821	1123716.31503028	548517.835258405	902202.835012049	78271.7456464302	285509.3403257	2164702.96553408	0	12662506.2038415	4125760.36553616
Jul-2011	18436635.8366392	1396323.3895913	1333699.95166885	438760.522864416	96431.8726422708	303303.014379917	38434.5279444537	3025692.16764482	0	7514414.83085514	1838617.06269627
Aug-2011	10126655.0823645	942082.864484195	630255.459352621	193750.207273458	52310.5738969891	227477.260784938	19587.2996117764	4894430.09495334	0	2822901.80603545	300158.459383769
Sep-2011	4525519.65174532	527610.775750608	228550.974546011	135858.422424656	39767.4895496776	406034.680540857	14768.6953251762	2656347.36787572	0	1290554.53716441	98694.5907964672
Oct-2011	1317490.02897943	141306.835827573	100163.86322976	63793.3329746536	44436.6987345213	76804.1504155596	28780.7046923802	454954.521569875	0	561285.287497841	109976.471531685
Nov-2011	447016.24449875	50480.1676808808	32888.9586716013	6232.34929363693	33692.1784525991	22013.9284630585	12850.6112638646	0	0	286585.127938224	70686.8466672519
Dec-2011	318762.065292923	40070.0988540183	14540.2122968622	4371.96276904519	25900.2463676599	0	9189.20676092392	227477.260784938	0	217527.398120329	57053.7650100383
Jan-2012	6581233.49526401	661895.065612903	1260035.53973841	373731.557861174	144625.460740145	0	135606.148918156	0	0	3349459.24637615	762789.730055756
Feb-2012	687018.258300368	73115.1317723214	92881.7823286054	25547.2792463195	93657.7839823077	0	24318.1551025494	0	0	528310.962992748	142336.967936865
Mar-2012	8891933.59674017	842954.256488091	1227172.47804455	483769.905676673	1188264.46722753	0	329549.946192379	0	0	6297803.91589904	2292172.93874789
Apr-2012	6730295.97483898	501724.692595435	508095.530167324	221377.741688305	510761.264991632	0	101146.492673023	511212.338753247	0	3664056.1039114	1356750.00871592
May-2012	8264774.42490682	332576.27655339	147301.620413029	73042.2948403922	96639.7848827825	128708.101747349	34079.1504954028	3236047.4840696	0	1481062.73885946	412130.475932119
Jun-2012	5414444.10975788	210426.163019932	70814.78287512	36866.4751165945	59421.5121068563	244232.306337377	21889.68895106	2891162.60481502	0	691614.481312315	150205.04227418
Jul-2012	1808852.42554062	144072.222026522	28576.0757531566	5756.18008364789	42913.7019994507	323849.347612105	15162.8529535859	2299232.52836389	0	517307.238062337	91358.1176790402
Aug-2012	602126.842010268	61992.8238835386	12418.5146242216	3745.42716772336	33057.2535516371	257807.562222929	10890.5146468751	2255204.67143777	0	353931.164166763	71155.1036593826
Sep-2012	303698.787870207	29769.0419910122	7956.66964748391	2499.48038635469	26294.8908641444	146759.523087057	7127.75595431931	988180.788786181	0	189979.599973949	53938.5237309109
Oct-2012	189601.92001631	22636.9776212172	16584.786641257	2189.11789141632	27854.0308256901	138834.508840356	7520.3184169765	508766.346701796	0	143013.122490068	43222.4913477957
Nov-2012	4953250.18488052	415307.728056588	1421334.02767686	284631.641962129	113709.213217159	0	164209.885628364	117407.618469645	0	1507080.88069841	522038.915601718
Dec-2012	14418354.5561707	1425390.54397177	2505684.3505056	916476.664414536	1635399.89409509	0	483013.290669325	0	0	7614594.50873432	3019068.27839965
Jan-2013	886018.581769065	101419.672147859	80103.0538331063	38921.6235505328	209221.927865733	0	45101.8241355583	0	0	660993.190212574	240308.716222989
Feb-2013	577992.574061227	66542.8800584459	29896.7090758239	16174.4033391194	120675.446406171	0	27216.5052173741	0	0	409168.395030964	161112.998541684
Mar-2013	1342757.95479639	83758.6575108949	78741.0685295359	35920.4121569771	262008.78351508	0	51305.4017278923	0	0	732959.50660773	349557.559747074
Apr-2013	5377712.60611599	95020.2316882205	73980.3330397823	18865.5996511368	90363.3703585193	24459.9205145094	38808.3398697993	413372.656695209	0	1118047.91554792	345842.851752953
May-2013	6332720.53534459	127131.104225719	65592.7778064092	8353.40351751537	59768.6612770319	200571.348218977	27017.6012595321	2807998.87506568	0	1365973.21550516	303738.65233458
Jun-2013	4696484.45227784	164281.50416682	22582.5731720785	4661.17219175018	39170.9195773998	173665.435653017	14464.9777231578	2935190.46174113	0	840637.175476501	97757.448042883
Jul-2013	1670760.10348487	168538.534264768	11334.8465992915	3085.65976208208	31203.3749118639	234815.236939291	10854.4717299028	1783128.20550774	0	562098.770653581	70430.2011343718
Aug-2013	381763.109775816	38442.8242743107	7843.32724899263	2267.46450628209	25947.5117160842	303303.014379917	7726.60123971038	1626584.71421488	0	211812.804888616	54533.5548086208
Sep-2013	239724.956508196	22066.5713031684	8497.93238509742	1829.9169014603	23208.4653246382	247045.197196545	6400.83745295868	151651.507189959	0	151141.142787564	41503.1448773457
Oct-2013	144994.810115901	16130.2206729775	9731.87627815046	1577.45011567421	21444.1337120236	195679.364116075	5955.14275924756	232369.24488784	0	119042.040713924	34147.8845240084
Nov-2013	107689.042987764	11113.5589428765	7519.26883705652	1622.93435877977	18616.795385491	0	5441.16909955344	58703.8092348226	0	104047.844733213	29573.6806712219
Dec-2013	79078.3531164076	8391.79514479806	7391.17360192781	1582.71269471353	16449.0385250335	0	4448.5405114584	0	0	88498.8124265532	26391.8338822077
Jan-2014	192915.311708722	14514.4205217657	40900.6150526551	1575.81091160338	20167.0249272966	0	22836.1604884085	0	0	131386.92082334	24581.1984244521
Feb-2014	1945226.60417333	160587.525987761	757024.879316545	96260.8914248174	103759.090373131	0	160057.373139231	0	0	959334.092782892	137541.302720963
Mar-2014	2732662.7307443	124696.793210759	176673.630052075	46327.6013671361	97892.9196963304	0	44943.1369486361	0	0	695377.34520752	173754.926894466
Apr-2014	4731552.39720343	79462.6755203924	61712.1456617216	11182.6942094935	48168.1437361779	63595.7933377245	20229.488388688	26905.9125659604	0	456867.286019703	118857.326880874
May-2014	5719354.23977295	93848.11025437	34702.021130011	6281.23916669262	35873.4281644754	176111.427704468	13125.7553370126	2110891.14040216	0	447120.534576253	98767.4106023837
Jun-2014	2124782.86663719	53395.3355401575	17036.9378417486	3740.93525925464	23794.3560047232	242153.213093643	7244.86118245377	1719532.41217001	0	251683.89213557	62784.3343650095
Jul-2014	385347.423684454	25926.0283564635	13612.7653130283	2463.50597343316	18324.7210255219	298411.030277015	4373.95672623582	1269469.87470304	0	186478.017867913	49646.6054985601
Aug-2014	484365.396710152	42310.9054982769	27394.1142017347	2959.60007588908	24796.460170977	227477.260784938	24927.9414634699	973504.836477475	0	342625.661766913	52142.7952439069
Sep-2014	225022.648947889	14982.9539766726	14354.4244181601	1929.13033949035	16134.9132004519	220139.284630585	6313.40671165265	335100.911048779	0	142628.685097141	33827.8702976381
Oct-2014	153372.941149153	13116.7348214766	13047.9763271386	1967.92075821117	15621.4484279917	227477.260784938	6843.35894117747	117407.618469645	0	116146.080901154	29544.1578719343
Nov-2014	128800.775473103	9691.17753230241	20673.7934287988	1668.61922089102	14845.503045474	22013.9284630585	7364.2197045423	95393.6900065868	0	110135.718983879	23441.1515657786
Dec-2014	823849.736727199	60248.4685414289	339576.2920257	33823.0676743679	90962.5361450048	0	109431.832523	146759.523087057	0	474818.8605878	98300.8784443872
Jan-2015	493842.457492206	57344.3958917958	59759.3716384395	13076.1902097427	46011.462512778	0	18116.6791166285	0	0	258210.686518645	80470.0936437234
Feb-2015	5115295.63364831	439677.104616491	1110152.87263378	290053.050089623	183530.161343576	0	156361.016890983	0	0	2641170.42650228	576382.467085944
Mar-2015	3295692.77515596	85798.8989740816	79017.0150787066	18029.906503524	79586.2666141862	0	24621.141179169	0	0	551682.499763555	153123.81393584
Apr-2015	4541659.12896123	97466.0807425803	42346.446867735	6716.30349967577	43634.3988650619	96861.2852374574	21198.8280461111	146759.523087057	0	631726.818712887	136584.917668846
May-2015	5731778.72182284	173828.25069447	40003.8774561302	20061.3770016452	42558.4375458378	155711.853995367	25542.8558419015	535672.259267757	0	729275.767337681	131043.617666298
Jun-2015	1868549.669576	123121.417789193	29929.6839899532	18461.7976310148	36075.4515031984	63595.7933377245	17158.1337403404	1893197.84782303	0	591966.370400995	76028.1906854653
Jul-2015	519475.687303021	59827.9490863578	28494.0788510167	5094.59976723574	30813.8241808652	244330.146019435	15428.3061501301	1039546.62186665	0	513693.084228381	69509.788048603
Aug-2015	338496.597235712	25293.8852092755	16686.8381042455	3500.76739714623	22981.2202623837	236233.912329132	8543.13282570714	1973915.58552091	0	211209.227930578	51045.9377426397
Sep-2015	172673.206341835	16545.4506367037	6653.10361973909	2122.26527763226	14503.1026739573	216470.296553409	3980.66518475309	535672.259267757	0	118344.415033966	33449.5346583717
Oct-2015	338931.999195802	15436.0055161165	27558.0615211229	2620.95274772262	23168.2045154001	129637.5787269	12777.0795051353	158989.483344311	0	165533.586953875	35505.0011468312
Nov-2015	300981.953917207	16561.3362367513	43847.6568681031	3648.43032504878	28249.5854474199	0	19382.1544455991	0	0	173939.361818166	37670.9524362376
Dec-2015	576600.564410854	49228.3173182839	187460.03077472	24879.4724010115	86642.3281862794	0	72004.8352442467	0	0	321737.086119944	85443.350717973
Jan-2016	2618875.76117594	276564.377417902	741396.937683175	228213.181071905	464513.372980657	1467.59523087057	138438.248276214	0	0	1021739.39178869	509785.520205467
Feb-2016	1682251.60038171	157819.309103574	215772.444222944	90634.3136654141	298829.255715042	0	96711.6578648551	0	0	1424069.2525209	460915.283346595
Mar-2016	11596576.0477535	1103427.79082931	1342303.36071947	514177.243946572	1189354.74100021	0	283975.265506999	0	0	6634101.15388776	2536749.67507582
Apr-2016	8296709.91136263	697171.791690146	612134.958688591	253690.701175431	200007.269403393	4158.1864874666	63806.0600486483	0	0	3605418.40047346	1271118.38440083
May-2016	15480431.2803292	1137820.78040023	835026.488210292	394191.44249845	297101.365810838	114961.626418194	84111.3604023254	144313.531035606	0	4986729.43317089	1405538.46641767
Jun-2016	6671687.93147581	285877.953282911	79251.0616145684	31019.2237906594	65422.7018210547	261721.149505251	24336.7906509187	1384431.50112123	0	904889.671530552	133866.801711469
Jul-2016	2122811.45759526	82876.3057650214	29954.5998918297	7279.00800516499	45130.3536261104	227477.260784938	15168.8079128522	2162256.97348263	0	443030.270250066	92914.7694756008
Aug-2016	453741.247651609	42372.6937054541	12887.8897003231	3956.92119145851	33791.4555015334	259324.077294829	10977.4976652782	1401553.44548139	0	220263.158763914	70918.429503861
Sep-2016	233795.921131993	28159.730152033	6819.38007685185	2655.53750704381	26255.9487578827	217693.292579134	7337.90680934568	332654.918997328	0	142126.78038324	54045.6298142133
Oct-2016	2739537.95694144	244645.700334422	372596.479992751	55850.4815728294	88955.8641132446	97839.6820580377	149173.050769226	207909.32437333	0	772688.03447856	101709.34641948
Nov-2016	1141952.16183629	111950.056106947	130784.958603641	28520.0174205076	89512.7384347028	0	29544.8380192951	242153.213093643	0	623961.847865053	143862.504214959
Dec-2016	11265716.9157546	1030062.73181423	1961844.6691038	737669.174774244	1509403.41756832	0	476860.012176233	68487.7774406264	0	6093002.50304831	2533247.87033162
Jan-2017	8203383.7689121	856770.527763226	1780135.27692434	744307.956154236	2865442.36647062	14309.053500988	902493.326439132	0	0	5355308.43439134	2388394.49661472
Feb-2017	25046417.7634809	2400473.06478039	3385058.08339303	1604737.15559809	5741449.75548426	22087.308224602	2112333.07593722	0	0	17974390.6153075	6593886.63381538
Mar-2017	2946520.27698381	271662.308285218	336533.831407318	214434.200466095	1609576.58511611	8071.77376978811	600936.334840732	0	0	2327685.91327691	1221307.21259985
Apr-2017	20907238.37432	2019984.41659705	2638544.95982693	1335715.34573421	5227778.79561769	0	1421967.32560662	0	0	14783847.078027	6269243.57161182
May-2017	15494770.2407439	1507397.00487332	1154535.77366932	628875.981050384	1056830.47678162	41581.864874666	224369.230399805	0	0	11553859.0673685	3691732.00218606
Jun-2017	16474781.1150666	1426394.78644304	1326100.79242921	513781.246495086	131142.199888432	117652.21767479	53444.9324728796	237261.228990741	0	8836846.37751418	2400574.02751829
Jul-2017	16708431.8999716	1340160.25063784	1133163.50315308	288687.566186319	59520.0111455003	178288.360630259	25853.4165092723	2896054.58891792	0	6961874.33987546	1383754.25413213
Aug-2017	11966702.532542	1343422.32545654	751253.594089713	319102.35916488	44212.4996559506	185406.197499981	17401.9690157357	4769684.50032934	0	5040486.8860163	445977.118786228
Sep-2017	4610278.56809031	580959.951793446	260416.685765418	165191.113185161	37609.6095053901	187607.590346287	15044.7250578371	2242974.71118052	0	1477134.51841868	88370.9618487485
Oct-2017	499040.840896284	53928.3313067929	40694.4545585832	6252.74392816589	32622.6638538626	68316.5579970249	13379.6631544371	1761114.27704468	0	318789.740929415	72335.5850339943
Nov-2017	5696689.9402685	584980.236785248	950780.124084305	345085.13823422	95258.0924317635	23236.924488784	132489.102067977	146759.523087057	0	2599343.34798823	693651.813799919
Dec-2017	1036736.73161601	105394.326102161	121429.930448227	29086.2107394371	83034.7996726576	7093.37694920774	26659.295715382	273951.109762506	0	693547.467451231	216401.722432868
Jan-2018	2377618.90240608	222439.79423866	196481.635035835	83152.3134785231	157114.659311845	4158.1864874666	65054.8693207078	0	0	1773841.05134689	671041.782736368
Feb-2018	749782.826800171	79806.7102028334	60189.8462000243	14492.1811710138	63990.9108897994	1589.89483344311	19431.9397644607	0	0	490193.50115391	155952.243434037
Mar-2018	7905729.15949449	681161.472678516	1119180.1260325	439072.764327603	1635894.69396031	13722.0154086398	492479.420162142	0	0	5230434.23770838	2454179.10044259
Apr-2018	10022758.7826259	903070.018003834	958793.737723951	405243.888488363	1023865.91410376	978.396820580377	173504.73297522	0	0	6197968.14792707	2433076.68450815
May-2018	13564671.6411321	895694.681070489	677356.366249749	301490.892529173	198610.966016984	67974.1191098217	75080.7160530884	0	0	4484992.98968418	1285106.25587645
Jun-2018	6885053.34227893	437026.100609661	125165.588449003	87934.1751282044	75337.5010406431	206417.269221945	30381.0106952629	1795358.16576499	0	1363213.10411812	173524.765516909
Jul-2018	3333976.16372011	390166.401368269	41099.956947107	50835.5397837161	50710.1993900557	257306.133852382	18768.7691754425	3167559.70662897	0	952726.730296449	101308.475394099
Aug-2018	1778854.43936919	209973.586115697	19795.6351094587	17097.7963510946	37160.2082532203	286425.669224905	13175.4158806389	4554437.19980166	0	551657.901916199	74916.6782104902
Sep-2018	625347.126992442	59538.761682812	9906.99220437948	4453.47524968356	28290.8542448329	267762.749872335	9799.46041733329	2732173.1214707	0	220725.2577312	56169.26517286
Oct-2018	358697.761646	38913.04341818	9112.30851741626	3003.65552022246	26042.0448595061	130982.874355198	8658.12421456221	1079660.89151045	0	156728.560695688	44458.1453955435
Nov-2018	184713.546800624	19977.2638136527	25958.9445528349	2294.04407796187	27432.7333603287	0	8412.52006671443	201549.745039558	0	147169.454080029	34963.6552257275
Dec-2018	173057.196011859	21687.7194369484	33718.2613699111	4358.15430967841	33976.9448983001	0	12555.5422982497	244354.605939949	0	129008.38923168	38405.7586897241
Jan-2019	1672056.40429623	179742.227412381	812172.944819013	240912.251589282	656491.424500279	1956.79364116075	234144.927251258	0	0	699008.314339354	342514.748815649
Feb-2019	1817542.5621625	153600.342792095	537368.282330021	319528.740609435	1689940.04975832	0	599934.169510147	0	0	753763.973959852	707791.10124679
Mar-2019	1383544.81522992	105304.646960048	298864.569553189	174810.126593175	1328131.35769524	3424.38887203132	474387.387824334	0	0	553613.577575344	645735.209598269
Apr-2019	4900166.70424497	478922.752326935	563286.332411149	464265.818913937	2851286.41541341	1614.35475395762	703067.003191306	0	0	3841709.99757042	2222937.83237009
May-2019	14373154.0274843	1331956.55293688	1371360.14896913	588245.8909406	1558075.57251796	52050.7108548761	388639.176954639	0	0	12449205.7478614	4013268.83139316
Jun-2019	17807576.2602266	1442975.62186851	1203889.35064435	499835.113558943	216623.761187268	151348.204175579	103857.144135445	286181.07001976	0	10212816.3818013	2878103.61296571
Jul-2019	17692240.4165794	1354690.17264765	1212745.74515428	372565.234805902	69468.4752128717	269284.156928337	29538.9075257612	2707713.20095619	0	6678281.66215202	1454305.59244734
Aug-2019	8442837.42393131	957745.655106797	678438.896618122	217388.041308577	45082.9561627311	279430.131957756	17326.0053632057	4534869.26339005	0	2375395.47866469	197737.678824965
Sep-2019	3289866.81403654	388220.504662364	197178.331017961	127913.117109872	37778.924606467	210330.856504267	14358.7695322345	1895643.83987448	0	793308.106052154	87538.4492463478
Oct-2019	635663.448025893	69609.368472619	45171.3997853585	7271.66094572515	34815.8014651123	70126.5921150986	15869.0196207245	648187.8936345	0	376106.118664465	78437.3411412245
Nov-2019	349269.436602888	40464.623468414	20463.5226916836	4368.16079423016	26352.5272365332	7337.97615435283	10082.5044754734	391358.728232151	0	206594.256827893	57507.04897394
Dec-2019	655210.318014878	64676.3893336203	173923.649924819	38269.6998586991	87279.0757843051	0	79531.8621650474	518550.3149076	0	471860.170637157	104405.952104931
Jan-2020	473778.222893016	53499.5717930493	72736.9355877297	20482.8897654518	72879.8913087185	0	30624.8679898173	0	0	343377.545101615	102977.857945841
Feb-2020	292560.550343058	38062.059187817	32631.5522544436	10395.6095790138	44642.7002013326	7044.45710817872	17120.5959671185	0	0	234868.594256783	72744.1676582273
Mar-2020	226959.08964822	31809.0730489003	35572.7859050197	8161.91267659077	41808.053960532	9539.36900065868	11270.0221947234	0	0	192482.439505362	64172.2288791919
Apr-2020	2433273.64830983	60300.4998145248	151403.958578156	58889.0961780788	178798.581667124	13306.1967598931	90390.27532444	543010.235422109	0	967744.814618275	299447.176931986
May-2020	9739159.76723507	447263.059700351	550498.299597618	177900.493562171	121335.194239226	117187.479185015	67605.0842963412	1885859.87166868	0	3819844.41225892	984851.783172447
Jun-2020	7466626.28510733	445340.76997964	250986.268902185	93944.1137883091	48212.6640294268	154048.57940038	15343.361127236	2142689.03707103	0	1148706.92791387	210005.831951001
Jul-2020	2533746.33505839	248773.147680711	64922.1304895695	62863.9042664953	33935.6467420083	269426.024467321	7370.42421427904	2216068.79861455	0	511662.046773723	90384.2053762314
Aug-2020	1184909.24402586	104546.840471532	21913.6751551054	6858.84085664044	25390.6006960274	234595.09765466	4332.06894579311	2423978.12298788	0	333309.913344868	67644.1976627297
Sep-2020	464550.746833472	39200.4325903944	9581.54169226979	3351.3086844855	18838.3056800709	217375.313612445	2611.61662423863	816961.345184615	0	177844.036438084	51885.8243167859
